3373
4373
6373
1873
1973
3313
3371
3323
3343
3673
4273
4673
4363
4973
6173
6323
6473
6343
6353
6673
6379
1871
1823
7873
1877
1879
1913
1933
9973
1993
1979
3413
3613
3319
2371
3271
3331
3571
3671
3361
9371
3391
5323
3623
3823
9323
3923
3329
3643
3347
9343
3943
7673
3677
4271
2273
4243
5273
4253
8273
4283
4643
4663
4679
4463
8363
4933
4943
4993
6113
6133
6143
6163
9173
6823
6329
2473
9473
6553
6653
8353
6359
6679
6779
6389
1171
1811
1831
4871
1471
1571
6871
1861
9871
1123
1223
1423
1523
7823
1723
7573
7853
7877
7883
7879
1277
3877
4877
1847
1867
1777
2879
1279
5879
1579
1889
1213
1613
1931
1433
7933
1733
8933
9923
1193
1493
1693
7993
1997
1999
1949
3433
5413
3463
9413
3617
9613
1319
3119
3359
3719
3389
9319
3919
2311
2341
2351
2671
2377
2381
2971
3221
3251
6271
3631
7331
3931
3511
3541
6571
3581
3691
1361
3461
6361
3761
9311
9341
9377
9391
3191
4391
3491
5333
5623
5923
5393
8623
9623
3821
3833
3853
3863
8923
3929
3229
3529
8329
7643
9643
2347
5347
3547
3847
3947
9743
9349
2677
3637
8677
9677
3697
4211
4231
4241
4261
2213
2243
2293
7243
8243
5233
5573
5279
4153
3253
7253
4259
8233
8573
8263
8293
1283
4483
4583
7283
4783
9283
4289
4649
1663
2663
8663
4639
9679
4423
9463
4493
8563
8863
8963
8369
4133
4931
4733
4937
4793
4999
2113
5113
6131
6733
6833
9133
2143
1163
6263
3163
6563
6763
6863
6827
6883
6829
6229
6529
2423
2477
9433
9479
1553
6551
5653
6659
8753
6959
6619
6689
6719
3779
5779
8779
2389
8389
5171
1151
8171
1181
1511
9811
1231
4831
1531
8831
4861
5471
1451
1481
6841
6971
2861
5861
8861
9851
1153
8123
1129
1229
1453
1427
8423
1483
1429
4523
1543
7523
1583
7723
7829
1721
4723
1753
1783
7577
7583
7753
7177
7817
7477
7867
9883
1217
1237
6277
9277
1297
4177
4817
1447
1747
1367
5867
1567
1667
8867
2777
1787
2179
2819
2579
1249
1259
1289
5179
5839
5479
5849
5869
1549
1559
3889
4889
1489
1789
7213
1619
1951
9931
7433
1439
7333
7963
7937
3733
9733
9929
7193
1499
2693
5693
1697
8693
1699
7393
7793
1597
6997
1987
2999
1399
8999
6949
7949
9949
3533
5443
5417
5813
5483
5419
3467
3469
9419
2617
3217
3517
3917
9619
5119
3169
3259
3559
3659
2719
3739
3769
8719
9719
3989
3911
4919
7919
2111
2411
6311
2711
8311
2141
2441
2741
2251
5351
2551
7351
2357
2851
2621
8377
1381
2281
2383
5381
8971
3121
2221
6221
8221
9221
3257
3851
6211
9631
7321
9511
7541
6521
6577
6581
3181
3583
5581
8581
3881
4691
6691
7691
1321
8461
9461
6661
6761
6367
6961
3767
8761
9241
9941
9337
9397
9491
9791
8191
4591
4397
6491
3499
2333
5683
5953
5927
2393
5399
8627
8629
9629
5821
8821
2833
9833
8929
4229
7229
3299
3539
7529
3527
8429
7649
9649
2447
2647
5147
5647
5387
4547
3557
6547
7547
9547
6947
3967
5743
9749
4349
7349
2657
2687
1637
3137
4637
6637
8647
9697
3797
4111
7211
4217
4219
5231
8231
4441
5261
4561
2713
2543
2843
2593
2297
9293
7247
8443
8543
5237
5563
2153
5153
4157
4159
4759
8237
8513
8269
8291
8297
8893
4481
4513
5783
4787
8783
4789
9281
4549
1669
2633
2683
2963
8669
4139
4339
5639
7639
9689
4421
9467
8969
7369
4951
4337
4957
4967
4987
3793
6793
4799
4969
2131
6121
6151
6737
9533
9137
6269
3167
6569
6869
6427
5827
6857
6983
9829
6899
6299
6599
2417
2437
5477
2467
9431
9437
9439
6451
9551
5651
5657
5659
2659
8713
2753
2689
5689
8689
5749
8179
2339
2789
2399
8387
7151
9151
8111
8161
1187
9181
9817
1291
2531
5531
8431
8731
8837
8839
5431
5441
4451
7451
1459
6481
7481
1487
7841
6911
6977
6991
2161
5851
5881
9857
9859
2129
4129
7129
1327
1627
7727
4721
1741
1621
9721
4729
1759
7517
7537
7589
7757
7759
7127
7187
7417
7717
7457
7487
9887
1117
6217
2237
7237
6247
6257
6287
9227
9257
4297
5297
7297
4127
4813
4517
4447
8447
8747
5167
5857
5897
4567
1657
8167
8467
8887
2767
2797
9787
8819
2539
2549
5189
9839
5939
5449
5843
8849
5569
5669
7549
7559
7489
7789
7219
7951
8951
7927
9739
7499
2699
8699
7699
4597
8597
6197
6917
6397
6967
5987
2939
2969
8599
6449
3593
5437
5717
5519
8419
3457
3449
6469
2917
2729
2749
9769
8219
4519
7411
6317
2731
5711
2791
8317
5741
7741
8741
2521
2557
2591
4357
2857
2957
4621
7621
5281
2287
5981
8941
7121
6421
8521
9421
9521
9661
7561
7591
5521
6781
3187
5591
8681
4651
6791
7681
9161
6337
3727
9767
9497
5791
9781
4327
2953
2927
5227
5527
8527
2837
8539
9539
7669
8147
5197
5641
5557
9587
9967
4657
7687
2887
2137
8641
2267
2897
5737
4457
9157
7159
4751
8537
8737
8287
2269
9127
9187
6199
9239
2459
2239
8117
7459
9199
Impossible
