200 20
338114184 395744253 840313779 556360006 405142545 344429050 978443898 333055451 706555767 115873486 83966531 151152551 836648429 103494066 957965866 2155324 801945086 48257395 111532246 494605681 244178697 254637105 266103828 188143273 709220670 84611715 418756389 743446786 217840800 537613553 870518849 555954984 933357806 563348981 112314991 338500351 907778031 943275241 671555802 466850150 911665079 608038685 470519053 600829860 711532751 281001271 602985185 365994190 181775018 567033783 860599871 425953716 821670888 979220051 614096989 383407910 916348119 32853378 979371048 134188919 422983283 849889897 690143903 356341089 265755230 654975246 547357793 26049613 598250487 71429947 492899763 362431919 679468633 963418816 963261779 243517736 96936440 566246964 609511926 278711458 133280747 322628149 704665174 807467987 154364553 171278515 43392249 70712672 56648245 22763297 57417943 479631528 725169547 747561846 835972618 990924777 255053445 235846763 16974391 853303932 307276710 362390506 68252203 986745343 178325675 31513983 230263080 275262115 450277299 692291358 553973573 436074399 14919508 111155100 96058738 21800413 282433615 139450988 92513085 339081861 14730637 149931028 818713389 592416536 750009226 507202359 435857666 5062671 743049122 305348409 710882956 50325833 667738915 779135159 37071176 698580942 810649142 119850608 973843057 113442794 812141967 380332983 549517193 679577827 491488083 645575931 701378240 773921698 785026919 646407677 113003559 652273909 796338705 784233301 244690445 398864283 291435660 680548111 403926955 34484783 985896520 114809911 937326968 506151788 746461422 826914496 57249082 409626917 946765105 31092140 523069711 611423424 263941475 72586904 143517603 607945910 718162835 697412195 234383960 355706107 343819872 199903872 7980016 992674929 984137173 105186813 391539212 128089185 638251277 647982519 15090320 476664149 615308782 952417288 982815937 361770205 779331785 40065020 771397122 578613242 
113 186
19 140
90 174
50 77
169 10
184 41
82 152
122 7
118 86
193 195
6 113
144 188
2 34
145 139
6 19
133 70
4 151
161 93
76 10
122 44
