200 22
148811684 473701098 491346984 259715032 169928915 18409897 23005521 283884599 16490670 609783013 384124204 144006807 87330969 798633471 423492647 993360903 133481543 721921653 309826411 505416103 851831150 984233935 423238911 734041638 324327090 261106537 466585220 924936485 575379375 472000229 221798898 724191059 798217679 713145882 983906091 968146595 731555779 859427965 252031194 600562801 469210978 636155398 597085960 556541948 287305222 20578608 402419203 273303117 595016613 712245615 778719221 299364115 548995902 201958132 33405754 873322992 315581021 352507326 798259477 890960397 677023907 20058375 615151456 475241587 585720609 451573900 295904534 169792740 163518217 547935728 770355541 632729195 36607479 219957854 41787495 323912701 93052814 444206699 597215818 688069427 8968666 228451391 987433543 557964568 430409524 873355649 283803912 745990545 78379327 82063389 489467294 755403234 954638117 104618751 83161173 392875078 408709003 379065707 415184171 572227220 927001436 38056064 57472767 816125267 258013918 99260263 140037968 351066732 395983314 589770138 39136160 257468332 818221530 26569703 815432900 101147406 752441704 99236812 699654303 830821031 33816553 189121598 586224265 840971022 146256701 669385439 86362453 407482056 48451146 501546624 979709276 827968934 539602688 889698395 496610553 797616607 841475010 489164873 1199691 89974676 78935012 40335851 347443008 749672894 919421906 15392260 703336652 671863610 114629072 402990955 355200993 961978 444628905 941425259 694449352 590885606 463327050 633328157 998367662 364294548 134874781 830593290 44779835 526993822 572808038 541390388 177126781 414283048 30555262 178326472 504257725 962006626 71178676 851700733 564195872 990600582 867092994 120048876 514980545 834238418 523039831 870181538 687716748 967668737 664123149 234682453 411070695 127450199 868010610 261954710 344261100 855401744 945064352 241557287 234911918 517872390 782947675 264555051 784671791 666019289 
124 69
68 200
2 92
135 148
168 80
119 152
18 19
41 120
24 136
71 35
198 171
131 151
58 1
93 86
52 84
127 127
152 147
127 106
38 61
5 158
156 156
168 168
