200
804289384	846930886	15	18
719885387	649760492	2	10
350490028	783368690	3	20
967513927	365180540	12	27
303455737	35005211	7	9
726956430	336465782	3	11
145174068	468703135	2	10
315634023	635723058	7	30
59961394	89018456	2	12
131176230	653377373	17	22
734575199	973594324	10	36
129566414	184803526	10	12
982906997	135497281	5	26
937477085	827336327	6	17
632621730	100661313	4	18
84353896	939819582	14	26
548233368	610515434	3	5
760313751	477171087	3	9
918502652	752392754	12	40
264095061	411549676	1	9
376710098	927612902	12	38
687926653	660260756	0	22
402724287	593209441	9	26
364228445	947346619	0	1
909002905	165344818	8	9
351797370	492067917	36	38
706043325	496987743	23	31
480298491	398295499	5	13
601385645	172755590	19	26
12502955	272469786	2	30
722308543	820388464	27	38
740759356	285228804	11	29
450573623	37127828	8	20
335354341	87755422	10	32
447267606	369321801	10	22
308044879	346811305	0	1
776532037	238433452	19	20
620145551	665947468	13	32
407487132	113903881	3	11
58657200	973387981	13	20
824272814	662739668	15	31
850952927	437116466	4	5
953443377	876855542	5	17
588219757	856669179	7	19
823089413	65103348	9	13
562402337	298625210	6	23
555319302	382697713	1	13
260401256	296864819	1	40
1229905	950955939	7	12
414829151	307565984	0	19
155789225	231602422	1	30
711645631	195740084	12	13
253207673	570073850	25	26
46741223	337739299	0	1
410409118	847228023	1	2
175526310	586903190	7	26
184214678	4504234	4	11
717226058	748349614	5	9
137390359	9726312	20	27
265204347	369602726	32	35
564325579	297893529	10	27
708302648	857756970	0	12
885799632	314218593	6	18
243439215	70788355	10	33
788014413	106059479	9	11
95966190	104152274	1	36
369356621	970925433	8	28
530498339	873524566	4	11
232056857	745790417	5	7
159473060	376035217	25	39
471990784	353436873	9	19
826620484	45826607	37	39
647149315	716334471	1	10
943003494	553160358	19	31
712633418	864101839	3	10
336092623	410228794	7	14
404196432	968217462	1	3
272796158	452888574	5	12
905241082	4187516	2	37
47372232	707746139	4	37
333582339	628974580	10	19
605539863	21784812	17	20
262692686	859031536	16	25
985433484	395279207	17	40
435889745	344593499	7	32
488663951	33505236	0	1
510080968	714880226	0	4
830539037	290127955	1	11
910858271	312994984	0	13
738647284	772970072	30	39
10901064	46370347	30	31
761250574	89653714	2	20
410134048	38626924	0	3
356684279	22089159	22	23
14989684	242561041	3	9
981208325	207026272	0	3
289547085	279121308	12	15
452825172	435218189	26	40
25554011	649709016	19	25
857490001	454333378	13	30
661955082	931489114	12	19
862292123	134591281	10	36
380390180	992576590	11	15
370973814	503967857	1	15
240554604	979015720	22	34
803590182	820097487	4	16
6138723	823796892	17	32
364090033	108399134	15	22
442767058	63299708	2	36
309112298	420687483	12	17
226723383	907895021	3	27
580508861	428903682	5	12
33669087	476564285	5	11
447395529	351538839	0	6
267889619	326247643	8	18
610506583	164826621	8	31
772634226	951426815	8	11
867107723	304811783	17	31
610009098	856363827	6	7
629580953	396377017	0	2
415522326	799560997	1	4
507578763	402492972	12	22
915711851	737703662	0	3
234576988	866355856	21	31
672563971	849725352	1	26
190113084	44041351	20	33
931706507	85291638	4	28
472131490	671581032	24	35
991039876	878273679	12	22
794292539	209734969	10	37
444311957	153162844	0	1
138982934	781098823	5	7
567022182	817572761	3	31
910210051	25084100	4	35
318322043	987235624	9	20
176225845	333293469	31	39
242474977	972125383	13	20
990526344	840019304	21	37
53232476	373953666	7	12
773446913	970090192	2	10
77683175	490549207	16	39
330301184	489692377	5	8
692713934	379366797	6	17
52775475	296596980	5	34
827385949	670372305	29	31
311269560	600206898	0	1
926411642	812718902	0	11
587992727	24027583	20	30
21303709	891342723	13	19
597010432	962980710	10	21
881049614	105629391	30	39
384079422	115227667	20	30
692458744	367209095	8	20
254749155	213952386	9	10
93155711	690492373	23	31
683932588	298167279	9	15
282291500	16922351	10	20
272312087	359147515	26	30
625843882	532495011	13	35
240854388	561812722	3	8
17881520	692786742	4	35
657103125	386510139	18	20
845636354	692981712	25	30
304505405	835342733	14	40
107654820	196774315	7	36
245240854	100669	7	11
67974803	573556837	0	3
573666705	933596911	29	38
172623404	5418816	2	13
117303606	529302443	1	20
217161529	256273378	5	8
651574883	125023787	12	20
604665418	750679664	0	2
845954167	487105994	3	35
16408438	730832933	1	5
839425677	538026652	5	12
805251744	198720172	9	12
510906528	473903566	12	39
564003051	99885196	2	5
181226514	286791631	4	9
650994572	131352346	3	4
78417604	158747661	22	26
44470217	888482339	10	15
540846268	858829294	10	14
101533293	69117832	30	37
185963954	627510635	10	16
281944977	170132540	1	25
92720084	419914800	9	13
309766497	457676440	3	20
316505736	950881304	6	34
142930165	133584523	10	12
89816340	114646704	4	6
609707132	107939561	11	40
838139054	199420528	14	28
753959820	42517543	3	22
116423769	637840187	3	40
764892439	764851988	0	35
707184681	145854098	6	7
10764798	454416748	6	28
268409913	673365159	20	38
