29706003
230141698
767613205
465877818
886504729
525372469
168679569
57981483
562955667
398063640
217320745
135304959
957257675
885076747
0
984690662
803202183
761138044
0
116183359
771354920
894218186
924425845
568098438
89468120
584796580
951362628
833533280
712204626
154264884
866550303
0
255040891
175126621
214323675
523293900
0
0
443707034
170236922
196106230
216282744
414913891
500601939
0
875579914
5360148
828537473
398149117
876160650
32824547
539297686
599709215
664184824
261295320
557081965
878121699
818382429
812256483
537024702
0
813936058
823491464
124186126
851051786
634907346
418444241
781569323
650146421
468723466
713243748
831991339
259210621
961919965
255926795
584670313
319163289
262035944
979332450
841501534
616240614
906666600
341459502
284731042
558088080
754560102
221835416
832241853
787571668
771565880
371131218
996611985
480074321
889223123
325632143
929234822
30232200
685683701
0
709844072
988974331
579223653
471140462
363349537
0
949118374
401042375
422259055
796013824
736906222
261143770
526393629
0
925242429
892495386
893408668
584680332
788264355
733768553
114201441
351578839
822790114
414282420
916192806
55252629
283574891
0
0
9404170
519116994
451296777
215134674
561123051
0
0
367407249
811274071
793210648
162707622
59551773
68003570
897191967
617454457
656819898
942778730
791041905
46517989
326138774
628028641
465524979
768340372
335604776
223420650
267988787
668108350
52950223
772290676
123756065
461527000
844594007
0
108802978
385946305
465476003
764826297
158800345
738869079
780643528
598280172
163256877
0
41008831
868299629
162772083
874794307
710919613
494141048
188848324
253323788
397316426
346240631
583084633
905315925
879341114
716092818
626596490
286352260
0
488616402
0
859924268
255210894
914966708
260500311
73764856
417529655
884084622
913192058
570071942
893838216
