238335 289383 516649 636915 641421 692777 747793 760492 885386 930886 
89172 180540 202362 368690 383426 455736 490027 513926 520059 840764 
5211 21530 174067 465782 595368 665123 666590 702567 703135 722862 
18456 133069 175011 478042 513929 634022 723058 804578 840465 898167 
176229 377373 413784 484421 544919 575198 594324 664370 798315 898537 
241873 268980 497281 566413 759956 776091 803526 806862 906996 999170 
126505 336327 420925 477084 621729 660336 661313 702305 750846 925857 
100545 233367 313750 344043 353895 515434 616124 819582 898814 990364 
117276 171087 392754 393584 426808 502651 612399 695788 705403 947178 
95060 210012 297539 348094 549676 636226 698586 947739 950705 993368 
