26
52
728
1404
18980
36556
493532
950508
12831884
24713260
333629036
642544812
674354932
706165052
1533228172
360291278
863932251
367573217
462238424
556903631
1018198999
479494360
1473173851
466853328
1302519919
138186496
865517715
592848927
1503460495
414072049
1089972656
765873256
1339288919
912704575
1821511715
730318841
1359304320
988289792
1341912134
695534469
889715298
83896120
132597639
181299158
447538645
713778132
1636004752
558231358
1536123317
514015262
939206021
364396773
419356430
474316087
903267162
332218230
484946103
637673976
1608598653
579523316
823564743
67606163
412683223
757760283
1729763787
701767277
973858206
245949128
320313233
394677338
1328144061
261610770
531745400
801880030
825380361
848880692
1459889298
70897890
957121541
843345185
885159950
926974715
1014158598
101342474
368123418
634904362
1571208864
507513352
851430236
195347113
1137186041
79024955
566836915
54648868
737759744
420870613
1181753270
942635920
1725584869
508533804
865206338
221878865
495364686
768850507
879481804
990113101
1866526809
742940503
1529696757
316452997
772115461
227777918
1075001905
922225885
950049393
977872901
1701284109
424695303
1233386585
42077853
68051038
94024223
769327033
444629836
1002502777
560375711
1065072079
569768440
691873917
813979394
988721775
163464149
706766027
250067898
375916628
501765358
773832317
45899269
119640154
193381039
1110644042
27907031
876744948
725582858
795368546
865154234
1679582115
494009982
669134741
844259500
1397503206
950746905
1335083163
719419414
1712162059
704904690
1516213285
327521866
421545189
515568512
960174896
404781273
964547180
524313080
1078226564
632140041
1033890527
435641006
881153572
326666131
909992770
493319402
659811911
826304420
1155109626
483914825
1032850125
581785418
854103120
126420815
206681018
286941221
373706485
460471749
716368599
972265449
1625583507
278901551
1265170947
251440329
894444450
537448564
1255555598
973662625
1644445383
315228127
755579716
195931298
645072535
94213765
