26
52
728
1404
18980
36556
493532
950508
12831884
24713260
333629036
642544812
674354932
706165052
533228165
360291278
863932251
367573217
462238424
556903631
18198992
479494360
473173844
466853328
302519912
138186496
865517715
592848927
503460488
414072049
89972649
765873256
339288912
912704575
821511708
730318841
359304313
988289792
341912127
695534469
889715298
83896120
132597639
181299158
447538645
713778132
636004745
558231358
536123310
514015262
939206021
364396773
419356430
474316087
903267162
332218230
484946103
637673976
608598646
579523316
823564743
67606163
412683223
757760283
729763780
701767277
973858206
245949128
320313233
394677338
328144054
261610770
531745400
801880030
825380361
848880692
459889291
70897890
957121541
843345185
885159950
926974715
14158591
101342474
368123418
634904362
571208857
507513352
851430236
195347113
137186034
79024955
566836915
54648868
737759744
420870613
181753263
942635920
725584862
508533804
865206338
221878865
495364686
768850507
879481804
990113101
866526802
742940503
529696750
316452997
772115461
227777918
75001898
922225885
950049393
977872901
701284102
424695303
233386578
42077853
68051038
94024223
769327033
444629836
2502770
560375711
65072072
569768440
691873917
813979394
988721775
163464149
706766027
250067898
375916628
501765358
773832317
45899269
119640154
193381039
110644035
27907031
876744948
725582858
795368546
865154234
679582108
494009982
669134741
844259500
397503199
950746905
335083156
719419414
712162052
704904690
516213278
327521866
421545189
515568512
960174896
404781273
964547180
524313080
78226557
632140041
33890520
435641006
881153572
326666131
909992770
493319402
659811911
826304420
155109619
483914825
32850118
581785418
854103120
126420815
206681018
286941221
373706485
460471749
716368599
972265449
625583500
278901551
265170940
251440329
894444450
537448564
255555591
973662625
644445376
315228127
755579716
195931298
645072535
94213765
